I0  = 0.63212
I1  = 0.36788
I2  = 0.26424
I3  = 0.20728
I4  = 0.17089
I5  = 0.14553
I6  = 0.12680
I7  = 0.11243
I8  = 0.10056
I9  = 0.09493
I10 = 0.05067
I11 = 0.44258
I12 = -4.31097
I13 = 57.04266
I14 = -797.59729
I15 = 11964.95898
I16 = -191438.34375
I17 = 3254452.75000
I18 = -58580148.00000
I19 = 1113022848.00000
I20 = -22260457472.00000
------------------------
I0  = 0.6321205588285577
I1  = 0.3678794411714423
I2  = 0.2642411176571153
I3  = 0.2072766470286540
I4  = 0.1708934118853840
I5  = 0.1455329405730801
I6  = 0.1268023565615195
I7  = 0.1123835040693635
I8  = 0.1009319674450921
I9  = 0.0916122929941707
I10 = 0.0838770700582927
I11 = 0.0773522293587803
I12 = 0.0717732476946367
I13 = 0.0669477799697233
I14 = 0.0627310804238732
I15 = 0.0590337936419019
I16 = 0.0554593017295701
I17 = 0.0571918705973076
I18 = -0.0294536707515363
I19 = 1.5596197442791890
I20 = -30.1923948855837807
------------------------
I20 = 0.0455448840758181
