I0  = 0.63212
I1  = 0.36788
I2  = 0.63212
I3  = 0.36788
I4  = 0.63212
I5  = 0.36788
I6  = 0.63212
I7  = 0.36788
I8  = 0.63212
I9  = 0.36788
I10 = 0.63212
I11 = 0.36788
I12 = 0.63212
I13 = 0.36788
I14 = 0.63212
I15 = 0.36788
I16 = 0.63212
I17 = 0.36788
I18 = 0.63212
I19 = 0.36788
I20 = 0.63212
------------------------
I0  = 0.6321205588285577
I1  = 0.3678794411714423
I2  = 0.6321205588285577
I3  = 0.3678794411714423
I4  = 0.6321205588285577
I5  = 0.3678794411714423
I6  = 0.6321205588285577
I7  = 0.3678794411714423
I8  = 0.6321205588285577
I9  = 0.3678794411714423
I10 = 0.6321205588285577
I11 = 0.3678794411714423
I12 = 0.6321205588285577
I13 = 0.3678794411714423
I14 = 0.6321205588285577
I15 = 0.3678794411714423
I16 = 0.6321205588285577
I17 = 0.3678794411714423
I18 = 0.6321205588285577
I19 = 0.3678794411714423
I20 = 0.6321205588285577
------------------------
I20 = 0.0455448840758181
